1.992957075927341837e-01 5.001943051493837888e-01 5.907874159504238332e-01 3.438505188398318646e-01 2.707476089401421593e-01 5.390664165108357553e-01 5.880291837503629493e-01 4.859042229507976041e-01 1.553356243981393048e-01 2.070958211778890501e-01
3.103006884243068031e-01 6.513411007321302515e-01 5.542430277661363203e-01 4.739959397853887868e-02 1.655367428986226352e-01 5.246568065213519372e-01 8.120441803146479787e-01 8.072536544873814002e-01 1.496473917419998134e-01 4.817848239043505121e-01
7.386394038123553774e-01 3.447243652081044551e-02 4.171469222053391102e-01 5.929205410678950461e-01 2.228294682110188996e-01 3.350232652281851520e-01 8.602332152766973827e-01 7.989365218158329673e-01 3.667035682450919820e-01 4.076896656910744543e-01
4.537336719896234438e-02 3.936080257091233436e-01 2.830704714908525155e-01 1.908003547683831957e-01 1.962989339440965875e-01 3.235220301781815966e-02 9.988391813481730663e-01 5.839596131017140701e-01 5.252953410284411095e-01 3.147375985940651377e-01
2.026244065679662087e-01 7.571608837902199518e-01 1.230955641959303737e-01 3.443265097259156082e-01 8.670892528870015603e-01 9.150455586857570989e-01 9.366289606866965434e-01 3.096774054380078134e-01 5.949027646664472035e-01 8.893220503253002063e-01
8.908000303527137120e-01 3.614998607163244504e-01 7.688614280319110428e-01 8.708871829061447523e-01 2.069376326356323625e-01 1.938652401220357646e-01 9.473363509306647057e-01 1.824139105770720137e-01 8.777553187874888030e-01 8.444781653825497170e-01
2.794169923228485564e-01 9.314373300724637650e-01 4.504640846988288150e-01 1.673385665323128269e-01 9.989301616806385287e-01 4.800046841554987953e-01 6.172747591590848071e-01 5.207637153070524549e-01 2.590815196578616364e-01 2.809410707096964277e-01
6.979820199219588517e-01 7.957045143555622202e-01 6.828906502443599091e-01 2.795385961036127576e-01 5.575592739918141527e-01 3.393274279343493349e-01 1.476117746048110080e-01 3.267985791299247156e-01 7.458779441321700121e-01 7.846766228211794481e-01
6.006985077037849674e-01 9.231353206816980128e-01 2.357239617823020383e-01 5.893441701498858265e-03 8.627707515960877371e-01 7.262845927941695701e-01 5.867315339030390042e-01 6.647563440455839245e-02 9.424233125025204272e-01 1.224997758938329850e-01
5.975353756402641547e-01 1.381543700551867149e-01 5.201371406821457821e-01 4.652276270815068893e-01 1.812071444910869911e-01 4.375179926716702417e-01 8.831476356164370545e-01 2.579591448744584792e-01 2.071092154837465005e-01 8.032534815211292978e-01
